4 4
0 0    1 0    2 0    3 0
3 0    4 0    5 0    6 0
2 0    3 0    4 0    5 0
22 0   1 0    2 0    3 0

Input Matrix:
 [0.00]+j[0.00]  [1.00]+j[0.00]  [2.00]+j[0.00]  [3.00]+j[0.00]
 [3.00]+j[0.00]  [4.00]+j[0.00]  [5.00]+j[0.00]  [6.00]+j[0.00]
 [2.00]+j[0.00]  [3.00]+j[0.00]  [4.00]+j[0.00]  [5.00]+j[0.00]
 [22.00]+j[0.00]  [1.00]+j[0.00]  [2.00]+j[0.00]  [3.00]+j[0.00]

2D-FFT:
 [66.00]+j[0.00]  [14.00]+j[8.00]  [14.00]+j[0.00]  [14.00]+j[-8.00]
 [-8.00]+j[10.00]  [-0.00]+j[22.00]  [-0.00]+j[22.00]  [-0.00]+j[22.00]
 [-26.00]+j[0.00]  [-22.00]+j[0.00]  [-22.00]+j[0.00]  [-22.00]+j[0.00]
 [-8.00]+j[-10.00]  [0.00]+j[-22.00]  [0.00]+j[-22.00]  [0.00]+j[-22.00]

================================================================
8
8,3
2     3     4     5     6     7     8     9
 [2.00]+j[0.00]  0
 [6.00]+j[0.00]  1
 [4.00]+j[0.00]  2
 [8.00]+j[0.00]  3
 [3.00]+j[0.00]  4
 [7.00]+j[0.00]  5
 [5.00]+j[0.00]  6
 [9.00]+j[0.00]  7
FFT:
 [44.00]+j[0.00]
 [-4.00]+j[9.66]
 [-4.00]+j[4.00]
 [-4.00]+j[1.66]
 [-4.00]+j[0.00]
 [-4.00]+j[-1.66]
 [-4.00]+j[-4.00]
 [-4.00]+j[-9.66]

 2 4
0 0 1 0 2 0 3 0
4 0 5 0 6 0 7 0
 [0.00]+j[0.00]  [1.00]+j[0.00]  [2.00]+j[0.00]  [3.00]+j[0.00]
 [4.00]+j[0.00]  [5.00]+j[0.00]  [6.00]+j[0.00]  [7.00]+j[0.00]



